-0.646715
0.015869
-0.882467
-1.645764
-2.139143
-1.777297
-1.542197
-1.910319
-2.054650
-2.949491
-2.329174
-1.399767
-0.489992
-1.104088
-1.174558
-0.467852
-0.531763
0.206169
0.427090
0.276725
-0.105696
0.836326
1.124592
1.846485
2.238931
2.526048
1.615093
1.429655
1.350403
1.157781
0.586783
1.360283
1.355744
0.634453
-0.227898
0.770480
1.583550
1.025753
0.989564
0.444005
1.412825
1.535156
1.225280
0.295187
0.349001
0.493211
0.892841
1.135385
1.454323
2.312391
2.571517
2.142158
1.314109
2.233221
2.261831
3.051767
3.491107
4.460724
3.796497
3.708023
4.086202
4.136715
3.514702
3.151128
2.629413
2.478546
1.493669
2.313405
2.489979
3.419389
2.458039
1.912664
1.354250
1.663245
2.587903
2.455677
3.287511
3.051770
2.720849
2.721810
3.038653
3.128340
2.703875
2.097035
2.120068
1.615183
2.326248
2.343218
3.151198
3.635227
4.297202
4.593879
5.101821
4.427824
4.384341
5.154276
5.467861
6.418166
5.845151
5.551159
5.898713
6.755795
7.364513
6.556756
5.596115
4.880906
4.108888
3.209765
3.830032
3.590529
3.076006
3.303149
3.514729
2.829140
2.794463
2.034587
2.112882
2.741350
2.314279
1.367656
0.564207
-0.364482
-0.098170
0.848426
1.317771
1.653655
2.357441
2.043030
1.244101
1.615135
1.511284
1.073262
1.424049
1.423683
1.839160
2.568753
2.464606
2.732910
3.157421
3.149726
3.755667
3.249985
2.271031
3.004770
3.119559
2.598849
2.583105
1.668772
2.229615
1.235624
1.048183
0.358593
0.055867
0.611420
0.733133
0.041324
-0.608231
-0.415418
-1.199270
-1.941010
-1.584342
-1.890903
-1.455558
-1.250184
-1.600765
-2.302365
-3.013428
-2.391645
-1.955775
-2.688553
-1.775207
-2.624354
-1.778141
-2.758068
-1.811061
-2.641128
-3.045073
-2.359276
-2.613500
-2.949749
-2.882241
-3.537017
-2.612949
-1.812112
-2.084218
-2.683724
-2.243319
-1.553285
-2.342796
-2.688885
-2.635686
-2.959792
-3.751607
-4.285037
-4.206122
-4.880364
-5.375230
-5.010134
-4.348083
-3.520196
-4.171253
-3.793196
-3.046559
-2.227389
-1.461296
-0.493465
-0.179258
0.779661
1.009158
1.847114
2.716407
1.857031
2.026858
2.765616
3.609780
3.015405
3.603315
3.496828
3.809704
3.230919
2.772114
2.391544
3.070023
2.583356
1.697532
1.193506
0.503867
-0.410242
-1.325221
-1.341376
-0.677920
-0.635375
-0.260632
-1.130892
-0.840574
-1.402994
-2.078226
-1.642028
-0.986085
-1.356729
-1.086566
-1.608124
-0.880911
-0.791090
-1.293347
-0.713436
0.246977
0.717427
0.593620
-0.192058
-0.675215
-0.352688
-0.293962
0.306661
0.363085
-0.434158
0.321567
-0.251942
0.726259
0.461376
1.423335
1.575046
1.454731
1.640331
1.896822
2.300986
3.205118
3.492030
4.173850
4.969739
5.625231
6.528274
5.933432
6.587164
7.240847
7.362048
7.297785
6.962935
7.421256
7.034810
7.703406
7.924626
7.629603
7.328971
6.535650
6.008808
6.422005
6.129206
6.015673
6.299662
6.066271
6.542166
6.243067
6.467826
6.361435
6.367455
5.997462
5.791166
5.613223
5.479432
5.125478
5.494389
5.689758
5.738635
6.291346
5.814852
5.915928
5.171472
4.453162
4.198480
3.860780
4.829412
4.976926
5.579236
4.612924
5.231278
4.302465
4.957565
5.343757
4.598844
3.884272
3.973486
4.805277
4.983298
4.373945
3.458834
4.332663
4.470397
4.041101
3.978811
4.818674
4.998199
4.587035
4.824963
4.156709
4.402976
3.907705
3.557852
2.692905
2.469942
2.811621
3.472832
3.746545
4.118315
3.799705
3.811456
3.991153
4.779925
4.047312
4.170790
3.689578
4.517296
3.901318
2.941980
2.439788
3.359527
4.239617
4.048875
3.984924
3.411177
2.479490
1.955318
2.910240
2.930847
3.309669
2.672563
3.456499
3.249193
2.935189
2.763749
2.884341
2.398311
2.987660
2.368166
2.055715
1.913697
2.244568
2.680403
2.095609
2.228240
2.309199
2.673069
2.992114
3.168865
3.907413
3.749208
3.330097
3.581950
3.354545
4.055472
3.768634
2.835581
2.552741
2.778175
2.526714
2.784921
2.811650
3.039216
3.185355
2.794759
2.069106
2.744485
2.067995
2.345578
1.436947
1.769120
1.455963
1.657636
1.854850
2.149643
2.167635
2.805715
2.140795
2.197217
2.712790
2.467679
3.387328
2.788643
2.366454
3.338976
2.737285
3.411954
3.364264
4.342861
4.734166
4.080571
3.857961
4.284314
3.415219
3.863381
3.983892
4.257993
4.350326
3.543581
3.729158
4.017011
3.148154
3.233836
3.738966
2.954651
2.645606
2.807315
3.350438
2.453524
3.062402
3.105753
3.443914
4.364998
5.081841
4.412743
4.021799
3.394134
2.764751
2.474126
2.333727
2.525572
1.922472
2.026059
1.845685
1.442339
1.051413
0.653971
0.426549
0.769782
1.566187
1.731809
1.961930
1.164170
0.568215
0.339184
-0.544998
0.308954
-0.257956
0.373968
0.021086
-0.423645
0.275510
0.752237
0.497569
-0.170544
0.521970
-0.297499
0.198795
0.631540
1.610172
0.627365
0.509044
-0.067039
-0.867305
-0.522695
-0.672920
-1.119955
-1.096188
-0.908385
-1.456877
-2.295889
-2.520592
-2.334165
-1.575110
-1.110809
-1.909224
-1.989312
-1.961019
-1.633879
-2.463224
-1.497286
-1.723216
-0.785431
-1.740323
-2.004676
-2.448041
-2.621813
-3.064033
-3.997739
-4.804636
-5.374244
-6.369190
-6.508604
-7.380844
-7.908289
-7.871857
-7.462751
-8.131697
-7.860947
-7.901539
-7.704413
-7.619331
-7.336188
-7.561145
-8.012632
-7.889780
-8.525068
-7.796601
-7.752867
-7.380221
-7.504592
-7.619396
-8.074894
-8.153280
-9.065066
-9.181152
-8.831319
-9.557908
-9.428009
-8.798387
-8.048319
-8.254609
-8.633365
-9.310428
-8.981077
-9.906746
-10.342643
-9.626248
-9.989689
-10.189478
-9.640267
-10.122865
-9.147241
-9.240609
-8.834977
-8.453076
-7.784075
-8.450039
-8.346621
-7.496065
-8.261600
-7.698328
-7.919659
-7.237153
-6.946836
-6.033593
-6.855135
-6.286444
-6.982239
-7.241251
-8.219903
-7.348066
-6.384576
-6.034077
-5.617466
-6.083456
-6.945515
-6.539022
-6.856884
-6.655854
-7.436689
-6.777207
-6.107955
-5.773803
-5.256021
-5.977023
-5.709496
-5.596285
-6.487170
-6.454730
-6.830763
-7.238733
-6.962775
-7.956190
-7.058610
-6.728918
-6.210834
-5.940112
-6.206093
-6.693130
-5.999097
-6.258238
-7.028030
-7.813041
-6.838154
-6.586121
-7.345427
-7.324714
-7.784940
-6.858865
-6.734442
-7.541134
-8.426519
-7.780522
-7.504677
-6.657318
-7.327666
-7.259865
-7.743986
-8.465482
-9.047483
-9.046827
-10.031368
-10.559502
-10.467175
-10.796229
-10.090471
-10.581095
-10.475271
-10.904401
-10.115725
-10.264790
-10.108383
-10.826474
-11.107282
-11.446884
-10.738222
-9.756981
-9.586094
-9.534519
-9.565476
-9.686761
-10.399737
-11.002034
-11.920342
-11.674436
-10.687495
-11.221496
-11.675946
-11.149111
-11.667154
-12.568658
-11.685264
-12.067348
-12.480147
-11.505702
-11.366325
-12.255502
-13.059295
-13.928070
-14.017104
-13.518786
-13.710481
-13.192887
-12.591615
-12.137057
-12.493011
-13.384831
-13.832938
-14.828143
-14.961370
-14.834519
-14.703133
-15.070409
-14.169422
-13.680162
-14.274456
-13.748376
-14.413641
-14.179590
-14.650594
-14.124772
-13.347480
-14.147869
-13.286090
-13.741469
-13.357696
-13.378473
-13.314353
-13.765241
-13.758365
-12.970726
-12.489656
-13.175166
-13.833712
-14.675005
-13.870355
-14.006227
-14.957939
-15.582554
-15.503449
-16.190016
-16.371930
-15.734391
-16.502222
-17.143343
-17.683805
-16.861566
-17.455246
-17.978005
-18.459503
-17.992722
-18.824555
-18.638954
-19.379948
-18.706161
-18.791093
-19.005640
-18.792271
-19.740517
-19.379314
-19.350722
-19.299656
-20.223472
-19.677119
-19.389810
-19.935996
-19.214871
-19.083802
-19.546426
-19.649218
-20.277809
-21.036366
-20.254212
-21.220954
-20.565866
-20.849376
-21.034962
-21.630146
-21.249353
-21.016130
-20.330168
-20.487963
-20.156300
-20.454692
-19.612153
-20.467479
-20.757795
-21.070113
-21.298911
-21.268917
-20.869428
-20.936085
-21.397507
-22.234661
-21.912795
-20.973029
-21.299834
-20.447811
-19.569581
-20.162422
-20.783755
-21.143092
-20.933661
-20.101173
-20.116433
-20.190336
-20.314797
-19.864028
-19.364991
-18.926234
-18.771581
-19.267552
-18.341571
-17.602227
-16.820963
-17.210881
-16.607391
-15.613271
-14.940277
-14.939600
-14.825710
-15.768727
-15.664756
-15.991484
-16.928822
-17.163524
-16.410296
-15.725555
-16.385784
-16.148398
-15.289583
-14.347275
-13.758262
-14.613391
-14.791941
-15.127751
-15.570119
-15.921423
-16.581741
-15.833146
-16.571060
-15.951335
-15.075284
-14.866873
-14.537418
-14.648692
-14.020791
-13.081325
-12.247357
-11.717725
-11.150104
-11.304189
-11.679936
-10.721974
-10.784873
-10.644701
-11.630146
-12.381296
-12.111654
-11.783669
-10.877894
-10.918253
-11.187773
-11.323043
-11.182904
-10.262643
-9.400197
-10.226300
-10.617763
-10.049804
-9.070190
-8.751277
-8.302490
-7.893697
-8.129017
-8.768723
-8.698564
-9.117160
-8.467381
-8.290849
-8.030942
-8.532203
-9.355471
-8.753486
-8.499110
-9.426671
-8.620528
-7.753514
-8.496199
-8.906591
-8.330930
-9.122947
-10.119658
-9.451206
-9.270784
-8.630575
-7.649979
-7.375436
-7.658157
-8.274719
-8.028188
-8.722682
-9.316713
-9.886132
-10.337587
-9.723100
-10.112197
-9.982303
-9.680687
-9.199403
-9.214746
-9.052470
-8.496048
-8.751436
-8.824964
-9.145206
-8.340829
-9.257543
-9.146317
-9.745435
-10.050850
-10.792924
-9.920624
-9.625836
-9.791618
-10.159722
-10.166424
-9.869892
-10.311604
-9.981436
-10.062545
-10.014603
-10.676935
-10.595732
-10.418072
-10.140191
-10.518361
-9.821594
-9.636374
-10.374705
-11.018628
-11.102821
-10.179542
-10.264185
-10.506853
-10.362460
-11.196566
-10.714501
-10.431292
-10.397392
-9.824764
-9.547509
-9.841485
-8.851484
-9.831776
-10.032811
-9.908646
-10.205717
-9.263474
-9.268961
-8.691389
-7.731022
-8.281867
-8.333436
-7.613088
-8.341783
-7.713498
-7.087654
-7.967417
-8.188012
-8.229238
-8.786671
-8.961015
-8.132371
-8.526042
-8.309302
-8.086874
-8.662751
-8.906214
-9.812350
-8.869170
-8.335119
-8.045642
-7.620995
-8.039101
-8.426528
-8.733063
-8.796706
-8.216669
-8.945662
-9.460931
-9.139127
-8.655146
-8.771630
-8.968611
-8.059962
-8.440537
-8.409547
-8.353179
-7.659675
-7.233649
-6.306886
-6.105691
-6.604032
-7.372148
-7.339509
-6.809937
-6.255328
-7.084219
-7.127281
-6.941237
-7.153507
-7.118966
-6.370752
-5.820479
-5.460144
-5.873831
-5.527386
-6.103005
-5.675753
-6.497508
-6.776918
-7.336669
-7.265363
-6.719086
-6.069717
-6.239859
-6.066188
-6.524616
-6.535923
-6.819409
-7.565586
-6.722931
-7.666781
