-0.025566
-0.559209
-1.521379
-1.015966
-0.474109
-0.739616
-0.403659
-0.735091
-0.596721
-0.811065
-0.002499
0.171062
0.741748
0.793692
0.688046
1.380151
1.928980
0.991237
0.767286
-0.158549
-0.743998
-1.268606
-1.153221
-1.658587
-1.508510
-0.766792
-1.054065
-1.044677
-1.818703
-2.229434
-1.660300
-1.518165
-1.154707
-1.802138
-2.580792
-2.298502
-2.854037
-3.608912
-3.097734
-2.724935
-2.376786
-2.770506
-3.032837
-2.672371
-2.158096
-1.407355
-2.049618
-2.376302
-3.084799
-2.228408
-2.334816
-3.258854
-2.551528
-2.005123
-1.318039
-1.837522
-2.223305
-2.161755
-1.220826
-0.777900
-0.268310
0.704041
1.645022
1.434900
1.404247
0.833865
0.345139
0.926843
1.837841
2.219291
2.723135
3.186106
3.883891
4.646061
5.231876
5.815430
5.956928
6.107887
5.574077
4.737970
3.922582
4.515459
5.184766
5.026119
5.147150
4.387504
4.404496
4.616085
5.100105
5.488471
5.089494
5.513147
5.658988
6.579584
6.730453
7.703246
7.789901
8.318994
7.545878
7.117270
7.859720
7.272906
7.505445
8.259130
7.978790
8.193346
9.163616
8.338886
8.217269
7.539586
7.012398
6.217964
5.952354
6.278443
6.712912
6.370035
6.664416
5.967337
5.434780
6.409733
6.215202
6.214796
5.459872
4.873598
3.967796
3.051697
3.197016
2.240422
1.554107
1.105581
0.470264
0.687466
0.986542
0.300711
0.123685
0.251299
-0.259323
0.638677
0.391291
1.167755
1.055449
1.060500
0.071934
-0.340388
-0.788300
-0.796245
-0.542280
-0.076090
-0.573172
0.055301
0.889033
1.641307
1.828188
2.555150
3.075722
3.435879
2.716508
2.516446
2.786690
3.258762
3.815055
3.754235
4.510431
3.642840
3.843167
4.147853
4.911839
5.112631
5.355531
5.635096
5.780917
5.647317
6.391047
6.650043
6.351095
6.128670
5.222039
6.038086
5.133982
5.197738
5.410089
5.764830
6.570588
5.706933
4.787630
4.760332
5.693608
6.034390
5.078520
5.174124
4.775005
4.724748
4.894221
4.766668
5.308017
4.401620
4.660775
4.380306
4.359350
3.945377
3.336790
2.672682
2.266818
2.674879
2.551083
2.133373
2.610036
3.128346
2.684398
2.788338
3.198965
4.113459
4.443331
4.295372
4.423728
3.804712
4.609884
4.071128
4.742419
5.616565
5.741786
5.985510
6.534704
7.342334
6.520728
6.184924
5.195451
4.424751
4.268268
3.582602
3.854023
3.988774
3.709556
4.101196
4.754310
4.529632
4.375570
4.696204
5.517037
4.634100
3.818769
3.893665
3.671259
4.521316
3.758224
3.060603
2.541740
3.214550
4.089120
5.070493
5.675449
6.097036
6.098031
6.245308
6.795981
7.762903
8.725721
7.734099
8.690769
8.327146
9.274579
8.586923
7.954928
7.188404
7.780878
7.449506
7.137026
8.011709
7.670638
7.905259
8.076239
7.438653
7.004346
6.969535
7.305559
7.815753
7.709178
8.305480
9.255452
8.626543
8.672532
9.350501
9.973734
10.465825
9.699628
9.545924
9.252167
9.514799
8.639846
8.919178
9.432880
9.986953
9.414661
8.531299
8.399853
8.426994
8.006649
8.876840
7.988287
8.041578
7.051158
6.121618
5.654035
5.057465
4.182258
3.213567
2.437128
2.058504
3.037419
2.489375
3.412897
3.893170
4.607529
4.010278
4.514669
3.863179
4.672023
4.911029
4.915597
4.264888
4.119685
3.149394
3.398440
4.137275
3.835829
3.651724
4.090741
3.415419
3.815414
4.330951
4.932830
4.978476
5.006668
5.993658
6.645308
5.703714
6.202146
5.754281
4.827360
4.835469
3.909479
3.584591
3.898948
4.220495
3.971524
3.047181
3.316562
3.649866
3.617363
4.449582
5.367154
6.164427
5.662235
5.554311
5.354271
5.938569
6.573973
6.127563
5.172831
5.701604
4.989941
5.112351
5.451560
6.121199
5.707550
5.425180
4.860906
5.541426
6.489913
6.048511
5.151883
4.556292
5.164134
4.811582
5.155699
5.862542
6.367136
7.184252
6.607376
7.528559
7.706782
7.811205
7.154683
7.754967
7.176485
7.994817
7.940659
8.072769
8.632546
9.502128
9.098171
9.020799
8.535419
8.343747
7.705167
6.891189
7.462239
7.066393
6.617839
6.030709
5.961045
6.557929
6.770995
6.961683
7.920681
7.841190
6.943865
7.718394
8.070104
7.895785
7.535012
8.134676
8.904931
8.882145
9.180104
8.233304
9.191915
9.768243
10.245773
9.717378
9.190881
9.286455
8.775125
8.129412
7.396592
6.643616
6.781966
5.785161
5.905671
5.224493
4.923308
4.755553
4.638762
4.916785
4.035144
4.878982
4.913314
5.550642
5.729569
5.430576
6.047812
6.388419
5.989947
5.845841
5.198073
5.244819
5.440787
4.720059
5.203423
4.278289
4.460782
5.001134
5.140288
5.876010
6.166494
5.412638
5.402983
5.289249
5.730841
5.239856
5.179062
5.256334
4.364245
3.788081
4.474575
5.286238
5.878868
4.897981
4.488757
5.025725
5.389214
4.824534
4.806555
5.177683
5.204166
5.836038
6.629514
5.909331
6.344774
5.986714
5.231775
5.973216
6.175839
7.068030
6.286799
6.095528
5.287448
4.786391
4.371251
3.644592
4.494353
4.402181
3.806484
4.084198
3.727365
2.858278
2.579951
2.608566
2.571272
2.407129
2.330884
3.282827
3.262360
2.841770
3.028711
3.591225
4.474589
4.495726
4.531158
4.473510
4.627104
4.579018
3.962462
3.089007
3.446305
3.737079
4.377052
4.325897
4.211064
5.039523
4.259617
4.936145
4.847005
4.691054
4.220982
3.622897
3.880779
3.846846
3.070495
3.716296
3.004318
3.954988
3.728440
3.572153
3.110313
2.143015
1.398857
1.801286
2.486430
2.245124
2.029550
2.104483
1.722910
2.074382
2.452775
1.497825
1.472453
0.679978
0.258368
0.567232
-0.295187
-0.907388
-0.761717
-0.187529
-0.568180
0.079980
0.497710
-0.400096
-0.393286
0.156333
-0.649070
-1.188647
-1.021904
-0.722467
-0.968827
-0.409783
-0.774877
-0.946742
-1.882515
-2.623977
-1.944429
-1.559962
-2.346770
-2.917026
-3.181754
-3.195889
-3.258571
-2.934296
-3.927027
-3.495680
-2.874261
-3.737954
-4.628774
-4.544285
-5.200803
-5.661150
-6.290850
-5.937758
-5.916472
-6.380889
-6.156140
-6.712701
-6.360295
-6.450045
-5.807238
-5.912778
-6.642884
-5.786573
-6.465428
-5.491544
-4.959140
-4.932301
-5.637638
-6.123755
-5.477868
-5.195834
-5.088914
-6.030499
-6.219162
-6.926708
-6.920796
-6.623307
-6.619135
-5.687676
-4.851016
-4.680619
-5.481802
-4.487596
-4.525990
-3.549163
-2.571543
-1.915608
-1.049169
-0.998427
-0.179157
-0.559815
-0.807289
-0.734526
0.145367
0.365368
-0.121932
0.205210
-0.463865
-0.576751
0.416292
-0.415841
-0.661338
0.208439
-0.585996
-1.198732
-0.454065
-1.139186
-1.836706
-1.930296
-1.424382
-1.437977
-0.945288
-0.384449
-1.349451
-1.234248
-0.952234
-0.908790
-0.678006
-1.517325
-0.760320
-1.118345
-1.886395
-1.952935
-0.983572
-0.464279
0.418044
-0.286987
-0.463615
-0.398475
-0.746805
-1.143695
-1.129462
-0.985477
-1.569180
-1.287220
-1.608303
-0.872528
0.115906
-0.757509
-0.166837
0.180607
-0.191562
0.305353
0.718265
1.553518
1.991959
2.293420
1.342823
0.713990
0.345252
1.043574
1.381669
1.033605
0.317938
1.126439
1.767939
1.858843
1.736129
2.007872
2.824657
2.346351
1.562651
2.146430
1.578211
2.176686
1.871913
1.031025
1.122376
0.371929
0.112225
0.529972
0.977363
1.763167
2.367033
2.506181
2.437209
3.229335
3.946427
3.742074
4.066078
4.924537
5.378264
4.880930
4.411539
4.037350
4.122367
3.272807
3.708239
4.151083
3.948279
3.118914
2.722028
2.465065
3.457564
2.808352
3.268914
3.932059
3.838101
4.350891
3.388671
3.609786
4.398655
5.234062
5.599666
6.237042
7.093095
7.266091
7.480996
7.807270
7.016279
6.983042
7.269681
7.885441
7.898776
8.465147
8.828121
8.855065
8.390543
8.175121
8.470272
7.660351
8.006020
8.091655
8.116836
7.167763
7.237409
6.377155
5.664219
6.271937
6.131553
5.705115
6.703707
6.994916
6.426834
6.841013
7.546627
7.073537
7.032796
7.253207
6.284583
5.421907
6.146942
5.179871
5.100287
5.751346
6.610718
6.131851
6.375230
5.674966
5.788598
5.088474
5.354799
6.080836
5.294058
5.902887
5.243204
4.364256
4.657464
4.938395
4.629763
4.065865
3.977607
4.545172
4.999761
5.095146
4.953603
4.067812
3.180317
3.739724
3.519211
3.359228
4.180674
4.357447
4.066151
4.364773
4.613572
3.761098
4.133743
3.160472
2.536446
2.158670
1.378901
0.817929
1.729381
1.194114
0.942111
0.177926
-0.369145
0.400722
-0.564957
-1.194117
-2.051357
-2.769856
-2.874940
-2.538353
-2.148645
-2.408180
-2.248951
-1.922346
-1.772200
-1.934255
-2.199935
-2.081385
-1.864145
-1.754465
-1.150868
-1.959719
-1.247577
-1.257751
-1.252320
-1.157181
-1.725973
-1.703272
-1.245531
-1.716811
-1.219284
-1.491169
-1.543264
-2.526869
-2.364002
-1.971931
-1.060777
-1.674230
-1.520270
-2.037441
-1.106397
-1.658123
-2.129732
-1.184832
-1.017517
-0.774862
-0.297790
-0.004183
0.437293
0.174661
0.565838
0.743850
-0.238710
-1.169913
-0.399850
0.445819
0.465277
0.281713
0.621327
0.126269
0.295788
1.139351
1.010340
0.894857
1.548141
1.228579
0.275423
0.873122
0.877842
1.623066
1.342023
2.150316
1.449064
1.838253
2.371963
2.069573
1.856878
1.954380
1.373107
1.947576
2.865362
2.420625
2.426747
2.754692
3.382298
3.960971
3.444640
2.573660
2.676625
1.813978
2.812840
3.438262
2.664105
3.336274
2.961411
3.150765
2.668391
2.457638
1.973533
1.295396
0.976810
0.714676
1.110075
0.500589
-0.062852
0.243808
0.600755
1.231990
0.385543
-0.258138
0.681063
0.207522
0.098907
1.096245
0.475368
0.174047
0.345677
-0.401403
-1.385486
-1.906173
-1.095638
-1.290811
-1.205029
-0.545478
-0.202867
-0.089905
-0.668675
-0.488027
-0.630753
-1.030963
-1.557617
-0.581563
-0.777248
-0.777573
-0.818479
-1.455664
-1.724669
-0.962830
-1.813008
-1.157326
-1.042556
-0.094271
-0.003975
-0.397919
-0.494947
-0.029318
0.707424
0.979857
1.565460
0.592368
-0.162214
-0.027651
0.695384
0.745024
0.528683
-0.247794
0.028501
0.174698
1.024893
1.259311
0.952216
0.069373
-0.908747
-0.610957
0.329346
-0.277533
-0.441042
-0.174639
-1.024238
-0.487044
-0.836181
-0.341498
-0.859023
-0.097630
0.524830
-0.280957
-0.821282
-0.931523
-0.703024
-1.399648
