-0.998029
-1.401635
-1.338521
-1.596532
-0.872721
-1.724196
-0.980819
-0.358475
-1.350295
-2.296723
-2.720915
-3.188286
-2.674605
-2.074662
-2.184320
-2.134077
-2.068452
-2.076305
-2.715464
-2.187995
-1.541044
-1.888445
-1.156233
-1.294481
-1.076216
-0.954168
-0.078168
-0.558648
0.359765
-0.107885
-0.887892
-0.618944
-0.549122
-0.006326
-0.464176
-1.070366
-1.474511
-1.479236
-1.500851
-1.569885
-0.625236
-0.601325
-0.203446
0.203954
-0.494121
0.023580
-0.874208
-0.149100
0.249505
-0.037229
0.912201
1.855388
2.051874
2.211095
2.863713
3.709124
3.274749
2.973053
2.097973
1.107035
1.525459
1.201193
0.596785
0.830639
0.442033
1.117348
1.561929
0.938754
0.123291
-0.683444
-1.618150
-1.528822
-1.703846
-1.873713
-2.266186
-2.993992
-3.780717
-3.913448
-4.037360
-4.515360
-3.607446
-3.439851
-3.785822
-2.804994
-2.344917
-2.319158
-2.320601
-2.253003
-2.124432
-2.786966
-2.497039
-2.466222
-1.760967
-2.757000
-2.861462
-3.150088
-3.374934
-2.498669
-3.212366
-3.300072
-3.471933
-2.893208
-2.032520
-2.012216
-1.881387
-1.265248
-1.100563
-0.941227
-0.612783
0.015363
-0.559815
-0.349981
-0.638853
0.055871
0.232464
-0.605417
-1.533588
-0.571395
-0.191159
-0.278997
-0.181403
-0.310192
-0.692294
-1.307449
-0.590644
-0.630285
-0.222324
-0.414714
0.222731
0.122466
-0.862022
-1.529637
-2.290877
-1.844634
-2.192146
-2.587706
-1.705970
-1.736603
-2.402958
-2.065602
-1.777343
-2.734365
-3.273011
-2.387064
-2.184085
-1.701236
-1.655340
-2.053695
-1.751580
-2.657280
-2.656261
-3.044282
-3.793128
-3.641366
-4.112845
-4.956641
-5.772417
-5.311936
-6.216770
-6.619869
-6.246744
-5.694633
-5.159269
-5.395197
-5.389193
-5.061701
-5.661141
-4.984688
-4.540658
-5.243946
-4.452738
-4.721496
-5.110908
-4.953146
-5.659991
-5.077206
-4.475673
-4.116829
-4.207126
-4.700226
-5.620709
-5.888946
-5.922833
-5.765945
-6.330665
-6.510269
-7.149357
-8.145840
-9.111420
-8.491368
-8.224041
-9.027707
-8.789251
-9.713893
-9.848945
-9.742166
-9.744691
-9.070622
-9.058538
-9.798598
-10.084647
-11.045810
-10.972991
-11.573360
-11.725644
-11.441204
-11.906543
-12.268362
-12.923770
-12.983475
-12.446243
-13.200322
-12.721392
-12.729096
-13.294683
-13.726609
-13.728526
-13.674834
-13.961262
-13.215997
-13.495214
-12.787185
-12.603173
-12.366040
-13.328252
-13.210383
-13.885616
-13.535673
-12.664867
-12.309302
-13.131154
-12.140734
-12.059903
-11.361607
-10.560045
-9.961793
-10.100340
-10.683446
-11.103985
-10.412358
-10.020803
-10.044347
-10.441686
-11.135593
-10.247917
-10.770703
-10.021144
-10.198158
-10.894460
-11.104978
-10.863036
-10.731139
-9.815316
-10.257778
-9.528644
-9.605102
-9.484005
-10.334520
-9.516158
-9.550717
-9.068768
-8.504780
-7.850132
-8.095218
-7.621479
-6.784991
-7.433925
-7.989812
-8.768123
-8.647424
-7.906204
-7.598493
-7.315921
-7.363587
-7.816006
-7.755991
-8.225947
-7.893214
-7.612269
-8.194720
-8.404708
-8.434073
-9.382920
-9.022212
-8.160037
-8.693005
-9.009833
-9.358516
-10.276769
-9.934837
-10.619735
-11.076731
-10.377455
-11.032278
-11.321406
-11.979848
-12.599777
-13.147757
-13.207154
-12.384533
-12.277315
-13.040922
-12.983857
-12.186583
-12.843518
-12.835901
-12.620793
-11.841147
-11.270021
-11.487073
-11.816134
-10.840574
-11.412736
-10.419858
-9.518888
-8.645915
-8.596436
-9.425102
-9.561865
-8.606267
-8.123428
-7.607566
-6.890783
-7.715923
-7.313895
-6.463466
-7.250055
-7.307463
-7.327672
-6.801559
-6.567656
-6.294371
-7.090326
-7.014277
-6.739970
-6.049649
-6.872012
-6.028849
-5.732198
-6.324370
-6.901028
-7.834225
-7.076121
-6.079523
-6.652747
-7.060081
-6.233729
-7.157403
-6.357450
-6.259719
-5.810658
-5.885422
-4.991583
-4.816645
-3.859875
-3.387890
-3.301350
-3.543737
-4.451470
-4.624936
-4.864504
-3.959545
-3.125831
-3.190520
-3.451620
-2.978021
-2.102747
-1.543871
-2.539906
-1.636974
-0.768061
-1.252701
-2.028812
-2.246185
-2.806313
-3.303069
-3.037725
-2.611615
-3.127694
-3.186992
-2.650111
-2.956755
-2.704858
-1.952195
-2.393491
-3.244125
-3.505303
-3.376279
-3.973124
-3.952243
-4.608682
-4.426183
-3.761565
-3.197752
-2.540131
-2.642485
-1.699368
-1.824768
-2.743298
-2.623934
-2.608710
-3.141413
-3.137492
-4.123770
-3.806640
-4.315714
-4.022514
-3.423356
-2.740001
-2.477999
-2.114277
-2.007386
-2.338702
-1.511156
-2.032124
-1.455265
-2.148213
-1.779489
-0.817379
-0.309303
0.310539
0.292609
0.276589
0.336960
0.022081
0.822260
1.380233
0.831989
1.651229
1.030525
1.568339
1.903848
1.523400
1.432144
2.305363
3.068918
3.238659
2.616144
2.744080
1.789846
1.756465
1.442147
1.891125
1.165706
0.529659
0.022443
0.623605
0.537166
0.414069
-0.341233
0.098351
0.242933
1.209062
2.107688
1.311826
1.437280
1.355038
0.712361
0.440298
1.017295
1.503998
2.135922
2.260022
2.583792
3.484646
4.162100
3.970386
3.850553
4.701261
5.357036
4.467351
5.375969
5.376751
5.613465
6.439560
6.803578
7.620917
7.011794
6.704220
6.395737
5.832523
5.649492
4.793680
5.274535
4.489692
5.286243
4.924901
5.546032
5.666206
6.608738
7.302040
6.805293
6.964963
6.077121
6.302328
5.696366
6.236987
6.038935
6.342719
5.760447
6.339328
6.990401
7.827797
8.736687
9.325066
8.576175
8.581791
9.509510
9.064760
8.959512
9.863394
10.646638
10.674885
10.840237
10.925320
11.096013
11.468754
11.888659
11.785516
11.839978
11.818185
11.790766
11.752969
11.077084
11.339563
12.304858
11.425961
11.265833
11.950977
12.266879
12.791550
11.974322
12.647196
12.382072
12.487408
13.328726
13.671814
13.161015
13.902205
13.944746
14.090418
13.382528
13.986723
14.893557
15.297152
15.068245
15.590827
15.884101
15.709933
15.913011
16.364610
16.201140
16.754329
16.204108
15.454790
14.498169
14.437971
14.930406
15.080865
14.840439
14.094780
13.707578
14.185526
14.616873
15.023365
15.267783
14.401731
14.443980
15.158524
14.687620
14.578503
14.277077
13.382088
13.606837
13.737582
13.647832
13.364425
12.707389
12.063040
11.254664
11.643314
12.636294
12.087426
12.078075
12.642795
13.421543
13.445725
13.571140
12.987789
13.162252
13.058815
13.514685
13.323790
13.280966
13.999886
14.035901
13.728640
12.761885
12.179884
12.180540
11.393615
12.110786
11.620309
11.048658
10.996236
10.240300
9.357571
10.103988
9.687023
9.844637
8.939570
9.103243
9.510294
10.207111
10.186063
10.874214
11.584819
11.724599
12.098127
11.457506
11.068555
10.462369
10.397037
10.763516
11.169308
11.969270
11.667620
11.533561
12.004332
11.691528
10.939486
10.330938
9.956533
9.716523
9.582445
9.422112
10.375306
11.351856
11.952882
11.984816
12.287086
11.776261
11.745503
11.873981
12.772532
13.373805
14.362239
14.128666
14.853426
14.073149
13.766831
14.602084
14.063226
14.415885
13.787053
13.636729
14.432568
13.672163
12.809002
12.327036
11.538632
11.921859
11.129205
11.929547
12.026784
11.681634
11.019935
11.690628
10.775060
10.206661
9.656522
8.883432
9.828988
9.893108
10.303180
10.336200
11.179835
11.950356
12.570870
12.728460
13.219573
13.668277
13.118530
13.753418
13.547491
13.215702
13.457955
14.402056
13.605181
12.786570
13.339955
13.321375
12.407746
12.110820
11.869173
12.756936
13.647143
12.684923
11.734309
11.074352
10.816398
10.265468
10.206494
10.918150
9.977507
9.468872
8.978754
9.139766
9.967521
9.996504
10.675989
10.320097
10.519411
11.120609
11.450634
11.650284
10.979674
9.983271
9.327818
8.714047
9.196668
8.732748
9.506424
9.658753
10.579841
11.503786
11.964809
12.291034
13.220391
12.926145
12.396928
12.687274
12.310586
11.466493
10.536387
11.351834
12.196879
11.328548
12.224022
11.294978
11.808130
11.803247
12.717256
13.602564
14.443343
13.716058
13.355693
13.314570
12.428865
12.174169
11.620239
11.756209
11.933153
11.683564
11.130376
11.405297
10.454326
10.594434
9.990223
10.198094
11.052837
10.650887
9.772754
10.484391
10.039117
9.109239
9.959331
10.133337
10.929757
11.890740
12.737069
12.181663
11.426110
11.666362
11.275827
11.222973
11.494424
11.356782
11.500425
10.585724
10.479812
10.211277
9.492798
9.753610
10.745783
10.280343
10.602804
10.260937
10.222761
10.920782
11.754750
12.234828
11.428826
11.305970
12.245597
12.020491
11.523893
11.604348
11.677347
12.664503
12.448393
11.662351
11.294662
11.672826
11.044276
10.150997
9.936391
10.787000
10.731017
10.979075
10.697844
10.573558
9.681059
9.918432
10.407554
10.624189
9.714934
9.924131
9.409303
10.053274
10.610266
9.624597
8.666954
8.275591
7.907602
8.626808
8.553950
8.067324
9.029551
8.951413
9.675291
10.414186
10.208743
9.706368
10.313804
10.840707
10.504929
9.699593
9.871515
9.018516
8.022345
7.935835
7.839267
8.250471
7.622070
6.907837
6.264450
5.874852
6.434094
6.768242
6.541709
7.190850
6.525054
5.600752
5.705847
5.472482
6.190716
5.882186
5.471310
6.131792
6.341728
6.611511
6.332704
5.520390
5.206364
5.940899
5.516222
5.498383
5.708812
6.513091
6.949825
6.141686
6.110450
6.991939
6.475723
6.940348
7.592462
7.891342
7.667795
8.550655
8.130456
8.586555
8.407060
8.694027
9.440722
8.947368
9.116540
8.381355
7.831615
7.067904
7.004184
6.103396
6.556171
6.544222
5.660963
6.547318
6.396807
6.018465
6.622965
6.703179
7.605318
7.145019
7.448360
7.493696
7.469480
6.859685
6.782621
6.078246
6.636535
6.478577
7.405581
7.803946
8.516542
7.685071
7.324856
7.503740
7.798416
7.514918
8.389980
8.316494
8.060194
8.131598
8.306530
8.277962
7.950890
7.442456
8.207202
7.388806
8.082858
8.506118
8.354016
9.302409
8.623809
8.677897
9.288154
9.000869
8.612471
8.199523
8.290170
9.118371
9.982513
10.510564
9.874500
10.362737
10.948951
10.241189
10.490832
10.035664
9.077423
8.823839
9.094619
9.010381
8.853443
9.611375
9.201662
9.704174
9.223020
9.797233
10.042718
9.545364
9.270874
9.156684
8.601027
7.655439
7.055113
7.011402
7.586410
7.393088
7.412935
7.529877
7.826979
8.358058
8.294479
8.275933
7.339021
7.139958
7.238367
7.917903
8.706097
7.941442
8.466062
9.312166
9.311909
9.286785
9.443414
10.308424
10.486550
10.606466
9.785608
9.120726
9.074506
9.399840
9.034025
8.433250
7.480604
7.383239
6.704403
5.808322
6.624097
7.004092
