-0.817339
-0.681220
-0.650357
-1.273517
-1.132289
-0.501741
0.067226
-0.176019
0.072795
0.066238
0.116743
0.778301
0.318930
0.491951
-0.284311
0.088064
0.658750
1.365456
1.932424
2.864610
3.746319
4.634895
5.219418
6.042186
6.551603
7.332553
6.554073
6.689884
7.650399
6.939128
6.844261
7.493136
7.886736
6.945910
6.800457
7.188821
7.405367
7.883399
7.900693
7.897249
8.816809
9.275943
10.256207
9.448824
9.703719
9.997660
10.295563
10.276139
10.729470
11.374804
10.417571
9.978894
9.466948
9.440771
10.275671
9.303521
9.936403
9.368285
10.169323
10.118929
9.170267
9.494543
8.602950
7.815272
8.318117
8.166613
8.220128
8.589603
7.777826
7.969820
7.877405
7.574368
6.896787
6.004042
5.909782
5.690513
6.425461
6.543250
5.558738
4.740070
4.601533
5.334659
4.430708
5.247530
4.534623
5.271014
4.799950
4.318548
4.221054
3.875087
3.377828
3.908610
4.139217
4.445914
4.104228
3.427833
3.053486
2.518918
2.381471
1.913253
1.125709
1.524469
0.645958
-0.083283
-0.570172
-0.389715
-0.930217
-0.373251
-0.228403
0.347006
0.341742
1.267650
0.673010
0.932654
0.646335
0.675193
0.972533
0.892222
1.145406
1.191595
1.238437
0.425646
-0.139832
0.735834
0.718422
0.288746
-0.647455
-0.290240
0.601428
0.536474
1.280646
1.475147
2.122673
2.231540
1.580697
0.598794
1.005327
1.259483
2.248789
2.209147
2.959651
3.579570
3.078562
2.751658
3.566916
3.789828
3.843368
3.675755
3.427992
3.673329
3.267917
2.958743
2.116439
2.848791
2.571067
3.468160
3.705757
4.455276
5.116751
6.115124
6.973540
6.314878
5.834131
6.498004
7.100672
7.673433
6.841498
6.539165
7.104546
6.218903
6.300338
5.616843
6.344852
5.522208
5.911959
4.912060
4.971275
4.177671
4.437933
5.250409
6.242463
6.605605
7.567607
8.087166
8.741222
8.272295
7.362805
7.772781
8.132059
8.396023
8.420904
8.875979
9.169867
9.044142
9.189005
9.153152
8.762585
8.543725
8.155732
8.259594
7.471513
7.778352
6.929311
6.247704
7.242257
6.438583
6.730237
6.446345
5.726303
5.419394
6.090995
6.800319
6.445578
7.235153
6.741118
7.456497
7.323778
6.468716
6.791685
6.105948
5.854656
6.120100
6.117409
5.702359
6.671751
7.324496
6.956641
7.865449
7.635050
7.501500
7.624110
8.399432
9.014276
8.821110
8.703743
9.513215
9.591141
8.810890
9.341865
8.656679
9.026201
8.286338
8.049513
8.936010
9.455848
9.104623
10.088322
10.088584
10.957274
11.234182
11.091743
11.498454
11.342517
10.952281
11.377121
11.173243
12.065069
12.519739
11.688585
11.942370
12.764390
11.856289
11.138375
11.048136
11.307093
12.197893
11.791123
12.272110
12.115554
11.873693
12.655090
13.089773
13.577476
12.635044
13.290536
12.706247
12.558932
12.218491
13.105019
12.579152
13.082695
13.160493
12.450341
13.118893
12.192113
12.558495
12.232615
12.396031
12.089543
13.057105
12.462246
12.641947
11.684229
11.008134
10.544655
10.460841
9.609529
9.216421
10.189000
10.501321
10.057483
9.987869
9.926208
10.113754
9.290959
9.169569
10.112624
10.038638
9.964805
10.748318
11.701216
11.370043
11.160629
10.631610
11.132574
11.825570
10.869384
10.015854
10.186102
10.652955
10.693799
11.182335
12.149962
11.629961
12.398031
12.280085
12.744697
12.195879
12.325581
12.265340
11.385015
11.510256
12.441727
11.759709
10.855713
10.796145
10.961401
10.788469
10.662648
10.885169
9.962193
9.731242
9.597385
9.836636
10.146836
9.573932
9.146508
8.610796
8.037553
7.150851
6.472528
6.940611
5.965823
5.452870
5.315112
5.810403
5.343669
4.985049
5.942168
6.336371
5.978551
6.461438
5.963359
5.764614
4.934243
4.043779
3.091471
3.770286
3.852759
3.514125
2.718393
3.387507
3.772803
4.063016
3.804488
3.249411
4.122707
4.826114
5.071436
4.810329
5.090960
5.535546
6.361338
6.600564
6.728111
6.343496
6.314583
6.792923
7.405676
7.894528
7.433097
7.417333
7.910268
8.357959
7.448083
7.037417
6.692766
7.360777
8.172422
8.290400
7.948335
6.993325
6.551469
5.737265
5.575705
5.739592
6.644089
6.956664
6.927846
7.585450
6.619323
7.209349
6.708219
7.158207
7.365715
6.390854
7.228648
8.071378
8.928567
9.389152
9.327810
8.874986
8.461788
9.058126
9.811323
10.133110
10.008636
10.628364
11.457210
12.188347
12.679344
13.626682
14.377498
14.909582
14.037975
13.921183
14.369591
15.213429
15.957016
15.820972
15.654741
15.269658
16.001304
16.170472
15.592333
16.035040
15.657678
15.207027
14.977667
15.062397
15.914609
15.183074
14.877276
14.363493
13.951493
14.445449
15.109390
15.074491
14.566412
14.504252
13.956703
14.376994
13.753998
13.096765
13.497466
13.899079
13.705264
13.904538
13.339858
12.740855
12.634797
13.446828
13.192160
14.102342
13.242472
12.739172
12.941795
13.118777
13.928671
14.246853
13.558951
13.408725
13.160352
12.513090
11.964598
11.456302
10.559094
10.963102
11.125522
11.002711
11.199781
11.949634
11.842698
11.567024
10.664254
11.492374
11.354948
12.180750
12.790280
12.744999
11.858815
12.634025
12.798903
13.438918
12.861573
13.598379
13.052104
12.949111
13.825503
13.961097
14.567737
13.799221
14.470365
14.000293
14.283436
13.936698
14.582499
15.035613
15.397620
14.927624
14.320994
14.918728
14.463230
14.384844
13.887320
12.911552
12.729481
13.332502
13.473548
13.682389
12.982995
12.254509
12.246256
11.827891
11.772073
10.850601
9.983216
9.432454
10.062313
9.087246
8.771518
8.556413
8.199915
7.565529
8.279035
8.543571
8.054081
7.460034
8.305662
8.187054
8.272836
9.061656
8.548994
8.082394
7.125958
7.697340
7.488789
8.081108
7.530010
6.750978
6.739948
6.184375
5.467950
6.335498
6.960505
7.812256
7.616071
7.056918
6.596571
6.080428
5.509387
4.633447
4.393757
3.823938
3.472003
2.581118
2.613558
1.960418
0.973908
0.537755
0.656412
1.449466
0.870209
0.054140
0.261443
0.517224
-0.031925
-0.378274
0.122202
0.532096
0.184637
-0.803452
-0.342045
-0.016600
0.179976
0.591753
-0.212087
-0.929307
-1.793489
-1.831579
-1.151524
-0.552892
-1.188009
-0.999976
-0.685400
-0.350579
-0.015029
0.035713
0.079481
-0.535078
0.111670
0.017003
0.045608
-0.086016
0.198183
0.570830
0.445066
0.156542
-0.273915
-0.999435
-1.900763
-1.407525
-1.094435
-0.657090
0.235969
-0.505099
0.470790
-0.005353
-0.295388
-0.168597
-0.019480
0.008446
0.584804
1.259737
0.946150
1.841766
1.388019
0.476506
0.808565
0.602208
0.622091
0.562600
1.226969
1.639281
1.659295
2.087861
2.164549
1.241082
1.774563
1.337372
0.355495
0.163800
-0.590326
0.302834
0.503149
1.008311
0.160390
0.163403
0.866806
0.581093
-0.067969
-0.738361
-0.590669
-1.351364
-1.291707
-0.393262
-0.611759
-0.122499
-0.702229
-1.606967
-1.126230
-1.956317
-2.469596
-3.177971
-2.481209
-2.481228
-1.621605
-1.598806
-1.079103
-1.879491
-1.177604
-2.134758
-2.819166
-3.390292
-3.850261
-3.124386
-2.553899
-1.572839
-1.729632
-2.180520
-1.620214
-2.459834
-2.524956
-3.393663
-3.806474
-3.699174
-3.103585
-3.522878
-3.825135
-3.048551
-2.119112
-2.159212
-2.046611
-1.616622
-1.105429
-1.707295
-1.368254
-1.868934
-1.178923
-1.277100
-0.697747
-0.506005
-0.907099
-0.706195
0.286611
0.960338
1.633491
0.783372
1.699672
1.249547
1.563059
0.976896
1.470993
0.851480
0.966171
0.146510
1.143605
1.557899
1.926865
2.845280
2.063513
1.310891
1.765808
2.683506
1.818603
1.179747
1.520833
1.794696
1.823138
2.134258
1.467437
1.230675
0.947195
1.385551
0.514511
-0.297902
0.697293
1.350582
0.727293
0.139602
0.779567
1.712334
2.285205
1.431564
0.683425
1.508027
2.171837
2.558804
3.170360
3.797972
3.195275
4.146529
3.257661
2.737653
1.879095
2.756600
2.059069
1.476096
2.070231
1.434995
2.382243
2.626939
2.881060
1.914918
1.225890
0.857838
0.786388
0.536543
0.560228
-0.058712
0.012228
-0.018776
-0.009317
-0.537581
-0.799902
-0.776997
-0.945972
-1.153897
-1.851297
-1.958460
-2.231566
-1.478638
-1.126228
-0.433978
-0.377101
-0.465482
-0.415381
0.107272
0.251929
0.396757
0.400401
-0.024816
-0.149863
-0.628856
-0.299054
-0.033451
0.241267
0.094139
0.104834
0.496431
0.074047
-0.885968
-0.115647
0.533419
-0.217604
-1.133504
-0.571951
-0.191738
-0.069184
0.193251
0.319455
0.709480
0.476874
0.556018
0.376325
-0.259404
-0.828217
-0.692627
-1.088031
-0.424433
-0.993225
-1.595974
-1.703134
-1.600271
-1.398826
-1.671035
-2.397867
-2.525768
-3.473187
-3.295181
-3.019442
-2.106949
-2.282720
-2.214589
-2.558681
-2.065622
-2.781793
-3.050446
-2.410829
-2.959815
-3.141513
-4.043720
-3.997874
-4.002325
-3.895414
-4.703105
-5.461675
-5.293220
-5.737829
-5.886521
-5.532439
-6.359893
-7.247143
-7.618557
-7.508180
-6.708200
-7.105819
-8.100402
-8.604658
-8.978907
-7.988110
-8.559131
-8.994352
-8.947404
-9.795897
-9.523683
-10.375039
-10.292764
-9.473653
-9.745253
-10.641583
-11.157968
-11.649463
-12.231678
-12.114115
-12.638686
-13.049862
-13.718122
-13.424355
-12.425624
-12.092430
-11.601399
-11.594958
-11.038748
-11.247690
-11.905210
-12.189628
-11.865461
-11.770464
-11.455770
-10.893713
-10.098466
-10.404763
-10.708800
-10.290724
-10.051250
-10.424132
-9.474205
-8.915414
-9.055601
-9.195888
-8.319401
-7.331193
-7.874856
-8.638573
-9.535632
-9.858839
-9.736742
-9.666262
-9.961584
-9.429004
-9.054572
-9.432901
-9.180038
-9.562408
-8.994169
-9.867337
-10.759774
-10.867166
-11.631509
-11.818372
-12.173284
-12.903742
-12.038666
-11.858455
-12.308686
-12.892887
-13.682174
-14.210745
-13.470450
-13.019608
-13.230544
-12.796756
-12.946937
-12.421887
-12.214438
-11.742324
-12.405635
-12.385579
-13.364501
-13.633506
-13.480841
-14.445444
-15.197136
-14.572514
-15.530428
-15.086182
-15.070157
-14.407118
-14.483653
-13.925791
-14.579581
-15.334163
-15.772101
-16.557091
-17.477565
-17.594589
-18.493153
-17.505883
-17.833252
-16.972792
-17.332859
-18.162018
-18.302102
-17.347518
-18.253360
-18.182474
-17.311875
-17.043520
-17.801709
-18.447173
-18.492343
-19.251431
-19.151439
-19.548901
-20.183743
-20.281991
-19.798711
-20.028558
-19.848048
-19.199317
-18.715614
-18.385226
-18.748969
-18.066218
-18.632881
-19.080019
-19.355624
-19.306305
-19.113280
